1: (('C', 'C'), ((0, 0, 0, 0), (0, 0, 0, 0)))
1: (('C', 'D'), ((0, 0, 0, 1), (0, 0, 0, 0)))
1: (('C', 'D'), ((0, 0, 0, 1), (0, 0, 0, 1)))
1: (('C', 'D'), ((0, 0, 0, 1), (0, 0, 1, 0)))
1: (('C', 'D'), ((0, 0, 0, 1), (0, 0, 1, 1)))
1: (('C', 'D'), ((0, 0, 0, 1), (0, 1, 0, 0)))
1: (('C', 'D'), ((0, 0, 0, 1), (0, 1, 0, 1)))
1: (('C', 'D'), ((0, 0, 0, 1), (0, 1, 1, 0)))
1: (('C', 'D'), ((0, 0, 0, 1), (0, 1, 1, 1)))
1: (('C', 'D'), ((0, 0, 0, 1), (1, 0, 0, 0)))
1: (('C', 'D'), ((0, 0, 0, 1), (1, 0, 0, 1)))
1: (('C', 'D'), ((0, 0, 0, 1), (1, 0, 1, 0)))
1: (('C', 'D'), ((0, 0, 0, 1), (1, 0, 1, 1)))
1: (('C', 'D'), ((0, 0, 0, 1), (1, 1, 0, 0)))
1: (('C', 'D'), ((0, 0, 0, 1), (1, 1, 0, 1)))
1: (('C', 'D'), ((0, 0, 0, 1), (1, 1, 1, 0)))
1: (('C', 'D'), ((0, 0, 0, 1), (1, 1, 1, 1)))
1: (('C', 'D'), ((0, 0, 1, 0), (0, 0, 0, 0)))
1: (('C', 'D'), ((0, 0, 1, 0), (0, 0, 0, 1)))
1: (('C', 'D'), ((0, 0, 1, 0), (0, 0, 1, 0)))
1: (('C', 'D'), ((0, 0, 1, 0), (0, 0, 1, 1)))
1: (('C', 'D'), ((0, 0, 1, 0), (0, 1, 0, 0)))
1: (('C', 'D'), ((0, 0, 1, 0), (0, 1, 0, 1)))
1: (('C', 'D'), ((0, 0, 1, 0), (0, 1, 1, 0)))
1: (('C', 'D'), ((0, 0, 1, 0), (0, 1, 1, 1)))
1: (('C', 'D'), ((0, 0, 1, 0), (1, 0, 0, 0)))
1: (('C', 'D'), ((0, 0, 1, 0), (1, 0, 0, 1)))
1: (('C', 'D'), ((0, 0, 1, 0), (1, 0, 1, 0)))
1: (('C', 'D'), ((0, 0, 1, 0), (1, 0, 1, 1)))
1: (('C', 'D'), ((0, 0, 1, 0), (1, 1, 0, 0)))
1: (('C', 'D'), ((0, 0, 1, 0), (1, 1, 0, 1)))
1: (('C', 'D'), ((0, 0, 1, 0), (1, 1, 1, 0)))
1: (('C', 'D'), ((0, 0, 1, 0), (1, 1, 1, 1)))
1: (('C', 'D'), ((0, 0, 1, 1), (0, 0, 0, 0)))
1: (('C', 'D'), ((0, 0, 1, 1), (0, 0, 0, 1)))
1: (('C', 'D'), ((0, 0, 1, 1), (0, 0, 1, 0)))
1: (('C', 'D'), ((0, 0, 1, 1), (0, 0, 1, 1)))
1: (('C', 'D'), ((0, 0, 1, 1), (0, 1, 0, 0)))
1: (('C', 'D'), ((0, 0, 1, 1), (0, 1, 0, 1)))
1: (('C', 'D'), ((0, 0, 1, 1), (0, 1, 1, 0)))
1: (('C', 'D'), ((0, 0, 1, 1), (0, 1, 1, 1)))
1: (('C', 'D'), ((0, 0, 1, 1), (1, 0, 0, 0)))
1: (('C', 'D'), ((0, 0, 1, 1), (1, 0, 0, 1)))
1: (('C', 'D'), ((0, 0, 1, 1), (1, 0, 1, 0)))
1: (('C', 'D'), ((0, 0, 1, 1), (1, 0, 1, 1)))
1: (('C', 'D'), ((0, 0, 1, 1), (1, 1, 0, 0)))
1: (('C', 'D'), ((0, 0, 1, 1), (1, 1, 0, 1)))
1: (('C', 'D'), ((0, 0, 1, 1), (1, 1, 1, 0)))
1: (('C', 'D'), ((0, 0, 1, 1), (1, 1, 1, 1)))
2: (('C', 'D'), ((0, 1, 0, 0), (0, 0, 0, 0)))
3: (('C', 'D'), ((0, 1, 0, 0), (0, 0, 0, 1)))
4: (('C', 'D'), ((0, 1, 0, 0), (0, 0, 1, 0)))
5: (('C', 'D'), ((0, 1, 0, 0), (0, 0, 1, 1)))
2: (('C', 'D'), ((0, 1, 0, 0), (0, 1, 0, 0)))
3: (('C', 'D'), ((0, 1, 0, 0), (0, 1, 0, 1)))
4: (('C', 'D'), ((0, 1, 0, 0), (0, 1, 1, 0)))
5: (('C', 'D'), ((0, 1, 0, 0), (0, 1, 1, 1)))
2: (('C', 'D'), ((0, 1, 0, 0), (1, 0, 0, 0)))
3: (('C', 'D'), ((0, 1, 0, 0), (1, 0, 0, 1)))
4: (('C', 'D'), ((0, 1, 0, 0), (1, 0, 1, 0)))
5: (('C', 'D'), ((0, 1, 0, 0), (1, 0, 1, 1)))
2: (('C', 'D'), ((0, 1, 0, 0), (1, 1, 0, 0)))
3: (('C', 'D'), ((0, 1, 0, 0), (1, 1, 0, 1)))
4: (('C', 'D'), ((0, 1, 0, 0), (1, 1, 1, 0)))
5: (('C', 'D'), ((0, 1, 0, 0), (1, 1, 1, 1)))
2: (('C', 'D'), ((0, 1, 0, 1), (0, 0, 0, 0)))
3: (('C', 'D'), ((0, 1, 0, 1), (0, 0, 0, 1)))
4: (('C', 'D'), ((0, 1, 0, 1), (0, 0, 1, 0)))
5: (('C', 'D'), ((0, 1, 0, 1), (0, 0, 1, 1)))
2: (('C', 'D'), ((0, 1, 0, 1), (0, 1, 0, 0)))
3: (('C', 'D'), ((0, 1, 0, 1), (0, 1, 0, 1)))
4: (('C', 'D'), ((0, 1, 0, 1), (0, 1, 1, 0)))
5: (('C', 'D'), ((0, 1, 0, 1), (0, 1, 1, 1)))
2: (('C', 'D'), ((0, 1, 0, 1), (1, 0, 0, 0)))
3: (('C', 'D'), ((0, 1, 0, 1), (1, 0, 0, 1)))
4: (('C', 'D'), ((0, 1, 0, 1), (1, 0, 1, 0)))
5: (('C', 'D'), ((0, 1, 0, 1), (1, 0, 1, 1)))
2: (('C', 'D'), ((0, 1, 0, 1), (1, 1, 0, 0)))
3: (('C', 'D'), ((0, 1, 0, 1), (1, 1, 0, 1)))
4: (('C', 'D'), ((0, 1, 0, 1), (1, 1, 1, 0)))
5: (('C', 'D'), ((0, 1, 0, 1), (1, 1, 1, 1)))
2: (('C', 'D'), ((0, 1, 1, 0), (0, 0, 0, 0)))
3: (('C', 'D'), ((0, 1, 1, 0), (0, 0, 0, 1)))
4: (('C', 'D'), ((0, 1, 1, 0), (0, 0, 1, 0)))
5: (('C', 'D'), ((0, 1, 1, 0), (0, 0, 1, 1)))
2: (('C', 'D'), ((0, 1, 1, 0), (0, 1, 0, 0)))
3: (('C', 'D'), ((0, 1, 1, 0), (0, 1, 0, 1)))
4: (('C', 'D'), ((0, 1, 1, 0), (0, 1, 1, 0)))
5: (('C', 'D'), ((0, 1, 1, 0), (0, 1, 1, 1)))
2: (('C', 'D'), ((0, 1, 1, 0), (1, 0, 0, 0)))
3: (('C', 'D'), ((0, 1, 1, 0), (1, 0, 0, 1)))
4: (('C', 'D'), ((0, 1, 1, 0), (1, 0, 1, 0)))
5: (('C', 'D'), ((0, 1, 1, 0), (1, 0, 1, 1)))
2: (('C', 'D'), ((0, 1, 1, 0), (1, 1, 0, 0)))
3: (('C', 'D'), ((0, 1, 1, 0), (1, 1, 0, 1)))
4: (('C', 'D'), ((0, 1, 1, 0), (1, 1, 1, 0)))
5: (('C', 'D'), ((0, 1, 1, 0), (1, 1, 1, 1)))
2: (('C', 'D'), ((0, 1, 1, 1), (0, 0, 0, 0)))
3: (('C', 'D'), ((0, 1, 1, 1), (0, 0, 0, 1)))
4: (('C', 'D'), ((0, 1, 1, 1), (0, 0, 1, 0)))
5: (('C', 'D'), ((0, 1, 1, 1), (0, 0, 1, 1)))
2: (('C', 'D'), ((0, 1, 1, 1), (0, 1, 0, 0)))
3: (('C', 'D'), ((0, 1, 1, 1), (0, 1, 0, 1)))
4: (('C', 'D'), ((0, 1, 1, 1), (0, 1, 1, 0)))
5: (('C', 'D'), ((0, 1, 1, 1), (0, 1, 1, 1)))
2: (('C', 'D'), ((0, 1, 1, 1), (1, 0, 0, 0)))
3: (('C', 'D'), ((0, 1, 1, 1), (1, 0, 0, 1)))
4: (('C', 'D'), ((0, 1, 1, 1), (1, 0, 1, 0)))
5: (('C', 'D'), ((0, 1, 1, 1), (1, 0, 1, 1)))
2: (('C', 'D'), ((0, 1, 1, 1), (1, 1, 0, 0)))
3: (('C', 'D'), ((0, 1, 1, 1), (1, 1, 0, 1)))
4: (('C', 'D'), ((0, 1, 1, 1), (1, 1, 1, 0)))
5: (('C', 'D'), ((0, 1, 1, 1), (1, 1, 1, 1)))
6: (('C', 'D'), ((1, 0, 0, 0), (0, 0, 0, 0)))
7: (('C', 'D'), ((1, 0, 0, 0), (0, 0, 0, 1)))
8: (('C', 'D'), ((1, 0, 0, 0), (0, 0, 1, 0)))
9: (('C', 'D'), ((1, 0, 0, 0), (0, 0, 1, 1)))
6: (('C', 'D'), ((1, 0, 0, 0), (0, 1, 0, 0)))
7: (('C', 'D'), ((1, 0, 0, 0), (0, 1, 0, 1)))
8: (('C', 'D'), ((1, 0, 0, 0), (0, 1, 1, 0)))
9: (('C', 'D'), ((1, 0, 0, 0), (0, 1, 1, 1)))
6: (('C', 'D'), ((1, 0, 0, 0), (1, 0, 0, 0)))
7: (('C', 'D'), ((1, 0, 0, 0), (1, 0, 0, 1)))
8: (('C', 'D'), ((1, 0, 0, 0), (1, 0, 1, 0)))
9: (('C', 'D'), ((1, 0, 0, 0), (1, 0, 1, 1)))
6: (('C', 'D'), ((1, 0, 0, 0), (1, 1, 0, 0)))
7: (('C', 'D'), ((1, 0, 0, 0), (1, 1, 0, 1)))
8: (('C', 'D'), ((1, 0, 0, 0), (1, 1, 1, 0)))
9: (('C', 'D'), ((1, 0, 0, 0), (1, 1, 1, 1)))
6: (('C', 'D'), ((1, 0, 0, 1), (0, 0, 0, 0)))
7: (('C', 'D'), ((1, 0, 0, 1), (0, 0, 0, 1)))
8: (('C', 'D'), ((1, 0, 0, 1), (0, 0, 1, 0)))
9: (('C', 'D'), ((1, 0, 0, 1), (0, 0, 1, 1)))
6: (('C', 'D'), ((1, 0, 0, 1), (0, 1, 0, 0)))
7: (('C', 'D'), ((1, 0, 0, 1), (0, 1, 0, 1)))
8: (('C', 'D'), ((1, 0, 0, 1), (0, 1, 1, 0)))
9: (('C', 'D'), ((1, 0, 0, 1), (0, 1, 1, 1)))
6: (('C', 'D'), ((1, 0, 0, 1), (1, 0, 0, 0)))
7: (('C', 'D'), ((1, 0, 0, 1), (1, 0, 0, 1)))
8: (('C', 'D'), ((1, 0, 0, 1), (1, 0, 1, 0)))
9: (('C', 'D'), ((1, 0, 0, 1), (1, 0, 1, 1)))
6: (('C', 'D'), ((1, 0, 0, 1), (1, 1, 0, 0)))
7: (('C', 'D'), ((1, 0, 0, 1), (1, 1, 0, 1)))
8: (('C', 'D'), ((1, 0, 0, 1), (1, 1, 1, 0)))
9: (('C', 'D'), ((1, 0, 0, 1), (1, 1, 1, 1)))
6: (('C', 'D'), ((1, 0, 1, 0), (0, 0, 0, 0)))
7: (('C', 'D'), ((1, 0, 1, 0), (0, 0, 0, 1)))
8: (('C', 'D'), ((1, 0, 1, 0), (0, 0, 1, 0)))
9: (('C', 'D'), ((1, 0, 1, 0), (0, 0, 1, 1)))
6: (('C', 'D'), ((1, 0, 1, 0), (0, 1, 0, 0)))
7: (('C', 'D'), ((1, 0, 1, 0), (0, 1, 0, 1)))
8: (('C', 'D'), ((1, 0, 1, 0), (0, 1, 1, 0)))
9: (('C', 'D'), ((1, 0, 1, 0), (0, 1, 1, 1)))
6: (('C', 'D'), ((1, 0, 1, 0), (1, 0, 0, 0)))
7: (('C', 'D'), ((1, 0, 1, 0), (1, 0, 0, 1)))
8: (('C', 'D'), ((1, 0, 1, 0), (1, 0, 1, 0)))
9: (('C', 'D'), ((1, 0, 1, 0), (1, 0, 1, 1)))
6: (('C', 'D'), ((1, 0, 1, 0), (1, 1, 0, 0)))
7: (('C', 'D'), ((1, 0, 1, 0), (1, 1, 0, 1)))
8: (('C', 'D'), ((1, 0, 1, 0), (1, 1, 1, 0)))
9: (('C', 'D'), ((1, 0, 1, 0), (1, 1, 1, 1)))
6: (('C', 'D'), ((1, 0, 1, 1), (0, 0, 0, 0)))
7: (('C', 'D'), ((1, 0, 1, 1), (0, 0, 0, 1)))
8: (('C', 'D'), ((1, 0, 1, 1), (0, 0, 1, 0)))
9: (('C', 'D'), ((1, 0, 1, 1), (0, 0, 1, 1)))
6: (('C', 'D'), ((1, 0, 1, 1), (0, 1, 0, 0)))
7: (('C', 'D'), ((1, 0, 1, 1), (0, 1, 0, 1)))
8: (('C', 'D'), ((1, 0, 1, 1), (0, 1, 1, 0)))
9: (('C', 'D'), ((1, 0, 1, 1), (0, 1, 1, 1)))
6: (('C', 'D'), ((1, 0, 1, 1), (1, 0, 0, 0)))
7: (('C', 'D'), ((1, 0, 1, 1), (1, 0, 0, 1)))
8: (('C', 'D'), ((1, 0, 1, 1), (1, 0, 1, 0)))
9: (('C', 'D'), ((1, 0, 1, 1), (1, 0, 1, 1)))
6: (('C', 'D'), ((1, 0, 1, 1), (1, 1, 0, 0)))
7: (('C', 'D'), ((1, 0, 1, 1), (1, 1, 0, 1)))
8: (('C', 'D'), ((1, 0, 1, 1), (1, 1, 1, 0)))
9: (('C', 'D'), ((1, 0, 1, 1), (1, 1, 1, 1)))
10: (('C', 'D'), ((1, 1, 0, 0), (0, 0, 0, 0)))
11: (('C', 'D'), ((1, 1, 0, 0), (0, 0, 0, 1)))
12: (('C', 'D'), ((1, 1, 0, 0), (0, 0, 1, 0)))
13: (('C', 'D'), ((1, 1, 0, 0), (0, 0, 1, 1)))
10: (('C', 'D'), ((1, 1, 0, 0), (0, 1, 0, 0)))
11: (('C', 'D'), ((1, 1, 0, 0), (0, 1, 0, 1)))
12: (('C', 'D'), ((1, 1, 0, 0), (0, 1, 1, 0)))
13: (('C', 'D'), ((1, 1, 0, 0), (0, 1, 1, 1)))
10: (('C', 'D'), ((1, 1, 0, 0), (1, 0, 0, 0)))
11: (('C', 'D'), ((1, 1, 0, 0), (1, 0, 0, 1)))
12: (('C', 'D'), ((1, 1, 0, 0), (1, 0, 1, 0)))
13: (('C', 'D'), ((1, 1, 0, 0), (1, 0, 1, 1)))
10: (('C', 'D'), ((1, 1, 0, 0), (1, 1, 0, 0)))
11: (('C', 'D'), ((1, 1, 0, 0), (1, 1, 0, 1)))
12: (('C', 'D'), ((1, 1, 0, 0), (1, 1, 1, 0)))
13: (('C', 'D'), ((1, 1, 0, 0), (1, 1, 1, 1)))
10: (('C', 'D'), ((1, 1, 0, 1), (0, 0, 0, 0)))
11: (('C', 'D'), ((1, 1, 0, 1), (0, 0, 0, 1)))
12: (('C', 'D'), ((1, 1, 0, 1), (0, 0, 1, 0)))
13: (('C', 'D'), ((1, 1, 0, 1), (0, 0, 1, 1)))
10: (('C', 'D'), ((1, 1, 0, 1), (0, 1, 0, 0)))
11: (('C', 'D'), ((1, 1, 0, 1), (0, 1, 0, 1)))
12: (('C', 'D'), ((1, 1, 0, 1), (0, 1, 1, 0)))
13: (('C', 'D'), ((1, 1, 0, 1), (0, 1, 1, 1)))
10: (('C', 'D'), ((1, 1, 0, 1), (1, 0, 0, 0)))
11: (('C', 'D'), ((1, 1, 0, 1), (1, 0, 0, 1)))
12: (('C', 'D'), ((1, 1, 0, 1), (1, 0, 1, 0)))
13: (('C', 'D'), ((1, 1, 0, 1), (1, 0, 1, 1)))
10: (('C', 'D'), ((1, 1, 0, 1), (1, 1, 0, 0)))
11: (('C', 'D'), ((1, 1, 0, 1), (1, 1, 0, 1)))
12: (('C', 'D'), ((1, 1, 0, 1), (1, 1, 1, 0)))
13: (('C', 'D'), ((1, 1, 0, 1), (1, 1, 1, 1)))
10: (('C', 'D'), ((1, 1, 1, 0), (0, 0, 0, 0)))
11: (('C', 'D'), ((1, 1, 1, 0), (0, 0, 0, 1)))
12: (('C', 'D'), ((1, 1, 1, 0), (0, 0, 1, 0)))
13: (('C', 'D'), ((1, 1, 1, 0), (0, 0, 1, 1)))
10: (('C', 'D'), ((1, 1, 1, 0), (0, 1, 0, 0)))
11: (('C', 'D'), ((1, 1, 1, 0), (0, 1, 0, 1)))
12: (('C', 'D'), ((1, 1, 1, 0), (0, 1, 1, 0)))
13: (('C', 'D'), ((1, 1, 1, 0), (0, 1, 1, 1)))
10: (('C', 'D'), ((1, 1, 1, 0), (1, 0, 0, 0)))
11: (('C', 'D'), ((1, 1, 1, 0), (1, 0, 0, 1)))
12: (('C', 'D'), ((1, 1, 1, 0), (1, 0, 1, 0)))
13: (('C', 'D'), ((1, 1, 1, 0), (1, 0, 1, 1)))
10: (('C', 'D'), ((1, 1, 1, 0), (1, 1, 0, 0)))
11: (('C', 'D'), ((1, 1, 1, 0), (1, 1, 0, 1)))
12: (('C', 'D'), ((1, 1, 1, 0), (1, 1, 1, 0)))
13: (('C', 'D'), ((1, 1, 1, 0), (1, 1, 1, 1)))
10: (('C', 'D'), ((1, 1, 1, 1), (0, 0, 0, 0)))
11: (('C', 'D'), ((1, 1, 1, 1), (0, 0, 0, 1)))
12: (('C', 'D'), ((1, 1, 1, 1), (0, 0, 1, 0)))
13: (('C', 'D'), ((1, 1, 1, 1), (0, 0, 1, 1)))
10: (('C', 'D'), ((1, 1, 1, 1), (0, 1, 0, 0)))
11: (('C', 'D'), ((1, 1, 1, 1), (0, 1, 0, 1)))
12: (('C', 'D'), ((1, 1, 1, 1), (0, 1, 1, 0)))
13: (('C', 'D'), ((1, 1, 1, 1), (0, 1, 1, 1)))
10: (('C', 'D'), ((1, 1, 1, 1), (1, 0, 0, 0)))
11: (('C', 'D'), ((1, 1, 1, 1), (1, 0, 0, 1)))
12: (('C', 'D'), ((1, 1, 1, 1), (1, 0, 1, 0)))
13: (('C', 'D'), ((1, 1, 1, 1), (1, 0, 1, 1)))
10: (('C', 'D'), ((1, 1, 1, 1), (1, 1, 0, 0)))
11: (('C', 'D'), ((1, 1, 1, 1), (1, 1, 0, 1)))
12: (('C', 'D'), ((1, 1, 1, 1), (1, 1, 1, 0)))
13: (('C', 'D'), ((1, 1, 1, 1), (1, 1, 1, 1)))
14: (('D', 'C'), ((0, 0, 0, 0), (0, 0, 0, 0)))
15: (('D', 'C'), ((0, 0, 0, 1), (0, 0, 0, 0)))
15: (('D', 'C'), ((0, 0, 0, 1), (0, 0, 0, 1)))
15: (('D', 'C'), ((0, 0, 0, 1), (0, 0, 1, 0)))
15: (('D', 'C'), ((0, 0, 0, 1), (0, 0, 1, 1)))
16: (('D', 'C'), ((0, 0, 0, 1), (0, 1, 0, 0)))
16: (('D', 'C'), ((0, 0, 0, 1), (0, 1, 0, 1)))
16: (('D', 'C'), ((0, 0, 0, 1), (0, 1, 1, 0)))
16: (('D', 'C'), ((0, 0, 0, 1), (0, 1, 1, 1)))
17: (('D', 'C'), ((0, 0, 0, 1), (1, 0, 0, 0)))
17: (('D', 'C'), ((0, 0, 0, 1), (1, 0, 0, 1)))
17: (('D', 'C'), ((0, 0, 0, 1), (1, 0, 1, 0)))
17: (('D', 'C'), ((0, 0, 0, 1), (1, 0, 1, 1)))
18: (('D', 'C'), ((0, 0, 0, 1), (1, 1, 0, 0)))
18: (('D', 'C'), ((0, 0, 0, 1), (1, 1, 0, 1)))
18: (('D', 'C'), ((0, 0, 0, 1), (1, 1, 1, 0)))
18: (('D', 'C'), ((0, 0, 0, 1), (1, 1, 1, 1)))
19: (('D', 'C'), ((0, 0, 1, 0), (0, 0, 0, 0)))
19: (('D', 'C'), ((0, 0, 1, 0), (0, 0, 0, 1)))
19: (('D', 'C'), ((0, 0, 1, 0), (0, 0, 1, 0)))
19: (('D', 'C'), ((0, 0, 1, 0), (0, 0, 1, 1)))
20: (('D', 'C'), ((0, 0, 1, 0), (0, 1, 0, 0)))
20: (('D', 'C'), ((0, 0, 1, 0), (0, 1, 0, 1)))
20: (('D', 'C'), ((0, 0, 1, 0), (0, 1, 1, 0)))
20: (('D', 'C'), ((0, 0, 1, 0), (0, 1, 1, 1)))
21: (('D', 'C'), ((0, 0, 1, 0), (1, 0, 0, 0)))
21: (('D', 'C'), ((0, 0, 1, 0), (1, 0, 0, 1)))
21: (('D', 'C'), ((0, 0, 1, 0), (1, 0, 1, 0)))
21: (('D', 'C'), ((0, 0, 1, 0), (1, 0, 1, 1)))
22: (('D', 'C'), ((0, 0, 1, 0), (1, 1, 0, 0)))
22: (('D', 'C'), ((0, 0, 1, 0), (1, 1, 0, 1)))
22: (('D', 'C'), ((0, 0, 1, 0), (1, 1, 1, 0)))
22: (('D', 'C'), ((0, 0, 1, 0), (1, 1, 1, 1)))
23: (('D', 'C'), ((0, 0, 1, 1), (0, 0, 0, 0)))
23: (('D', 'C'), ((0, 0, 1, 1), (0, 0, 0, 1)))
23: (('D', 'C'), ((0, 0, 1, 1), (0, 0, 1, 0)))
23: (('D', 'C'), ((0, 0, 1, 1), (0, 0, 1, 1)))
24: (('D', 'C'), ((0, 0, 1, 1), (0, 1, 0, 0)))
24: (('D', 'C'), ((0, 0, 1, 1), (0, 1, 0, 1)))
24: (('D', 'C'), ((0, 0, 1, 1), (0, 1, 1, 0)))
24: (('D', 'C'), ((0, 0, 1, 1), (0, 1, 1, 1)))
25: (('D', 'C'), ((0, 0, 1, 1), (1, 0, 0, 0)))
25: (('D', 'C'), ((0, 0, 1, 1), (1, 0, 0, 1)))
25: (('D', 'C'), ((0, 0, 1, 1), (1, 0, 1, 0)))
25: (('D', 'C'), ((0, 0, 1, 1), (1, 0, 1, 1)))
26: (('D', 'C'), ((0, 0, 1, 1), (1, 1, 0, 0)))
26: (('D', 'C'), ((0, 0, 1, 1), (1, 1, 0, 1)))
26: (('D', 'C'), ((0, 0, 1, 1), (1, 1, 1, 0)))
26: (('D', 'C'), ((0, 0, 1, 1), (1, 1, 1, 1)))
14: (('D', 'C'), ((0, 1, 0, 0), (0, 0, 0, 0)))
14: (('D', 'C'), ((0, 1, 0, 0), (0, 0, 0, 1)))
14: (('D', 'C'), ((0, 1, 0, 0), (0, 0, 1, 0)))
14: (('D', 'C'), ((0, 1, 0, 0), (0, 0, 1, 1)))
14: (('D', 'C'), ((0, 1, 0, 0), (0, 1, 0, 0)))
14: (('D', 'C'), ((0, 1, 0, 0), (0, 1, 0, 1)))
14: (('D', 'C'), ((0, 1, 0, 0), (0, 1, 1, 0)))
14: (('D', 'C'), ((0, 1, 0, 0), (0, 1, 1, 1)))
14: (('D', 'C'), ((0, 1, 0, 0), (1, 0, 0, 0)))
14: (('D', 'C'), ((0, 1, 0, 0), (1, 0, 0, 1)))
14: (('D', 'C'), ((0, 1, 0, 0), (1, 0, 1, 0)))
14: (('D', 'C'), ((0, 1, 0, 0), (1, 0, 1, 1)))
14: (('D', 'C'), ((0, 1, 0, 0), (1, 1, 0, 0)))
14: (('D', 'C'), ((0, 1, 0, 0), (1, 1, 0, 1)))
14: (('D', 'C'), ((0, 1, 0, 0), (1, 1, 1, 0)))
14: (('D', 'C'), ((0, 1, 0, 0), (1, 1, 1, 1)))
15: (('D', 'C'), ((0, 1, 0, 1), (0, 0, 0, 0)))
15: (('D', 'C'), ((0, 1, 0, 1), (0, 0, 0, 1)))
15: (('D', 'C'), ((0, 1, 0, 1), (0, 0, 1, 0)))
15: (('D', 'C'), ((0, 1, 0, 1), (0, 0, 1, 1)))
16: (('D', 'C'), ((0, 1, 0, 1), (0, 1, 0, 0)))
16: (('D', 'C'), ((0, 1, 0, 1), (0, 1, 0, 1)))
16: (('D', 'C'), ((0, 1, 0, 1), (0, 1, 1, 0)))
16: (('D', 'C'), ((0, 1, 0, 1), (0, 1, 1, 1)))
17: (('D', 'C'), ((0, 1, 0, 1), (1, 0, 0, 0)))
17: (('D', 'C'), ((0, 1, 0, 1), (1, 0, 0, 1)))
17: (('D', 'C'), ((0, 1, 0, 1), (1, 0, 1, 0)))
17: (('D', 'C'), ((0, 1, 0, 1), (1, 0, 1, 1)))
18: (('D', 'C'), ((0, 1, 0, 1), (1, 1, 0, 0)))
18: (('D', 'C'), ((0, 1, 0, 1), (1, 1, 0, 1)))
18: (('D', 'C'), ((0, 1, 0, 1), (1, 1, 1, 0)))
18: (('D', 'C'), ((0, 1, 0, 1), (1, 1, 1, 1)))
19: (('D', 'C'), ((0, 1, 1, 0), (0, 0, 0, 0)))
19: (('D', 'C'), ((0, 1, 1, 0), (0, 0, 0, 1)))
19: (('D', 'C'), ((0, 1, 1, 0), (0, 0, 1, 0)))
19: (('D', 'C'), ((0, 1, 1, 0), (0, 0, 1, 1)))
20: (('D', 'C'), ((0, 1, 1, 0), (0, 1, 0, 0)))
20: (('D', 'C'), ((0, 1, 1, 0), (0, 1, 0, 1)))
20: (('D', 'C'), ((0, 1, 1, 0), (0, 1, 1, 0)))
20: (('D', 'C'), ((0, 1, 1, 0), (0, 1, 1, 1)))
21: (('D', 'C'), ((0, 1, 1, 0), (1, 0, 0, 0)))
21: (('D', 'C'), ((0, 1, 1, 0), (1, 0, 0, 1)))
21: (('D', 'C'), ((0, 1, 1, 0), (1, 0, 1, 0)))
21: (('D', 'C'), ((0, 1, 1, 0), (1, 0, 1, 1)))
22: (('D', 'C'), ((0, 1, 1, 0), (1, 1, 0, 0)))
22: (('D', 'C'), ((0, 1, 1, 0), (1, 1, 0, 1)))
22: (('D', 'C'), ((0, 1, 1, 0), (1, 1, 1, 0)))
22: (('D', 'C'), ((0, 1, 1, 0), (1, 1, 1, 1)))
23: (('D', 'C'), ((0, 1, 1, 1), (0, 0, 0, 0)))
23: (('D', 'C'), ((0, 1, 1, 1), (0, 0, 0, 1)))
23: (('D', 'C'), ((0, 1, 1, 1), (0, 0, 1, 0)))
23: (('D', 'C'), ((0, 1, 1, 1), (0, 0, 1, 1)))
24: (('D', 'C'), ((0, 1, 1, 1), (0, 1, 0, 0)))
24: (('D', 'C'), ((0, 1, 1, 1), (0, 1, 0, 1)))
24: (('D', 'C'), ((0, 1, 1, 1), (0, 1, 1, 0)))
24: (('D', 'C'), ((0, 1, 1, 1), (0, 1, 1, 1)))
25: (('D', 'C'), ((0, 1, 1, 1), (1, 0, 0, 0)))
25: (('D', 'C'), ((0, 1, 1, 1), (1, 0, 0, 1)))
25: (('D', 'C'), ((0, 1, 1, 1), (1, 0, 1, 0)))
25: (('D', 'C'), ((0, 1, 1, 1), (1, 0, 1, 1)))
26: (('D', 'C'), ((0, 1, 1, 1), (1, 1, 0, 0)))
26: (('D', 'C'), ((0, 1, 1, 1), (1, 1, 0, 1)))
26: (('D', 'C'), ((0, 1, 1, 1), (1, 1, 1, 0)))
26: (('D', 'C'), ((0, 1, 1, 1), (1, 1, 1, 1)))
14: (('D', 'C'), ((1, 0, 0, 0), (0, 0, 0, 0)))
14: (('D', 'C'), ((1, 0, 0, 0), (0, 0, 0, 1)))
14: (('D', 'C'), ((1, 0, 0, 0), (0, 0, 1, 0)))
14: (('D', 'C'), ((1, 0, 0, 0), (0, 0, 1, 1)))
14: (('D', 'C'), ((1, 0, 0, 0), (0, 1, 0, 0)))
14: (('D', 'C'), ((1, 0, 0, 0), (0, 1, 0, 1)))
14: (('D', 'C'), ((1, 0, 0, 0), (0, 1, 1, 0)))
14: (('D', 'C'), ((1, 0, 0, 0), (0, 1, 1, 1)))
14: (('D', 'C'), ((1, 0, 0, 0), (1, 0, 0, 0)))
14: (('D', 'C'), ((1, 0, 0, 0), (1, 0, 0, 1)))
14: (('D', 'C'), ((1, 0, 0, 0), (1, 0, 1, 0)))
14: (('D', 'C'), ((1, 0, 0, 0), (1, 0, 1, 1)))
14: (('D', 'C'), ((1, 0, 0, 0), (1, 1, 0, 0)))
14: (('D', 'C'), ((1, 0, 0, 0), (1, 1, 0, 1)))
14: (('D', 'C'), ((1, 0, 0, 0), (1, 1, 1, 0)))
14: (('D', 'C'), ((1, 0, 0, 0), (1, 1, 1, 1)))
15: (('D', 'C'), ((1, 0, 0, 1), (0, 0, 0, 0)))
15: (('D', 'C'), ((1, 0, 0, 1), (0, 0, 0, 1)))
15: (('D', 'C'), ((1, 0, 0, 1), (0, 0, 1, 0)))
15: (('D', 'C'), ((1, 0, 0, 1), (0, 0, 1, 1)))
16: (('D', 'C'), ((1, 0, 0, 1), (0, 1, 0, 0)))
16: (('D', 'C'), ((1, 0, 0, 1), (0, 1, 0, 1)))
16: (('D', 'C'), ((1, 0, 0, 1), (0, 1, 1, 0)))
16: (('D', 'C'), ((1, 0, 0, 1), (0, 1, 1, 1)))
17: (('D', 'C'), ((1, 0, 0, 1), (1, 0, 0, 0)))
17: (('D', 'C'), ((1, 0, 0, 1), (1, 0, 0, 1)))
17: (('D', 'C'), ((1, 0, 0, 1), (1, 0, 1, 0)))
17: (('D', 'C'), ((1, 0, 0, 1), (1, 0, 1, 1)))
18: (('D', 'C'), ((1, 0, 0, 1), (1, 1, 0, 0)))
18: (('D', 'C'), ((1, 0, 0, 1), (1, 1, 0, 1)))
18: (('D', 'C'), ((1, 0, 0, 1), (1, 1, 1, 0)))
18: (('D', 'C'), ((1, 0, 0, 1), (1, 1, 1, 1)))
19: (('D', 'C'), ((1, 0, 1, 0), (0, 0, 0, 0)))
19: (('D', 'C'), ((1, 0, 1, 0), (0, 0, 0, 1)))
19: (('D', 'C'), ((1, 0, 1, 0), (0, 0, 1, 0)))
19: (('D', 'C'), ((1, 0, 1, 0), (0, 0, 1, 1)))
20: (('D', 'C'), ((1, 0, 1, 0), (0, 1, 0, 0)))
20: (('D', 'C'), ((1, 0, 1, 0), (0, 1, 0, 1)))
20: (('D', 'C'), ((1, 0, 1, 0), (0, 1, 1, 0)))
20: (('D', 'C'), ((1, 0, 1, 0), (0, 1, 1, 1)))
21: (('D', 'C'), ((1, 0, 1, 0), (1, 0, 0, 0)))
21: (('D', 'C'), ((1, 0, 1, 0), (1, 0, 0, 1)))
21: (('D', 'C'), ((1, 0, 1, 0), (1, 0, 1, 0)))
21: (('D', 'C'), ((1, 0, 1, 0), (1, 0, 1, 1)))
22: (('D', 'C'), ((1, 0, 1, 0), (1, 1, 0, 0)))
22: (('D', 'C'), ((1, 0, 1, 0), (1, 1, 0, 1)))
22: (('D', 'C'), ((1, 0, 1, 0), (1, 1, 1, 0)))
22: (('D', 'C'), ((1, 0, 1, 0), (1, 1, 1, 1)))
23: (('D', 'C'), ((1, 0, 1, 1), (0, 0, 0, 0)))
23: (('D', 'C'), ((1, 0, 1, 1), (0, 0, 0, 1)))
23: (('D', 'C'), ((1, 0, 1, 1), (0, 0, 1, 0)))
23: (('D', 'C'), ((1, 0, 1, 1), (0, 0, 1, 1)))
24: (('D', 'C'), ((1, 0, 1, 1), (0, 1, 0, 0)))
24: (('D', 'C'), ((1, 0, 1, 1), (0, 1, 0, 1)))
24: (('D', 'C'), ((1, 0, 1, 1), (0, 1, 1, 0)))
24: (('D', 'C'), ((1, 0, 1, 1), (0, 1, 1, 1)))
25: (('D', 'C'), ((1, 0, 1, 1), (1, 0, 0, 0)))
25: (('D', 'C'), ((1, 0, 1, 1), (1, 0, 0, 1)))
25: (('D', 'C'), ((1, 0, 1, 1), (1, 0, 1, 0)))
25: (('D', 'C'), ((1, 0, 1, 1), (1, 0, 1, 1)))
26: (('D', 'C'), ((1, 0, 1, 1), (1, 1, 0, 0)))
26: (('D', 'C'), ((1, 0, 1, 1), (1, 1, 0, 1)))
26: (('D', 'C'), ((1, 0, 1, 1), (1, 1, 1, 0)))
26: (('D', 'C'), ((1, 0, 1, 1), (1, 1, 1, 1)))
14: (('D', 'C'), ((1, 1, 0, 0), (0, 0, 0, 0)))
14: (('D', 'C'), ((1, 1, 0, 0), (0, 0, 0, 1)))
14: (('D', 'C'), ((1, 1, 0, 0), (0, 0, 1, 0)))
14: (('D', 'C'), ((1, 1, 0, 0), (0, 0, 1, 1)))
14: (('D', 'C'), ((1, 1, 0, 0), (0, 1, 0, 0)))
14: (('D', 'C'), ((1, 1, 0, 0), (0, 1, 0, 1)))
14: (('D', 'C'), ((1, 1, 0, 0), (0, 1, 1, 0)))
14: (('D', 'C'), ((1, 1, 0, 0), (0, 1, 1, 1)))
14: (('D', 'C'), ((1, 1, 0, 0), (1, 0, 0, 0)))
14: (('D', 'C'), ((1, 1, 0, 0), (1, 0, 0, 1)))
14: (('D', 'C'), ((1, 1, 0, 0), (1, 0, 1, 0)))
14: (('D', 'C'), ((1, 1, 0, 0), (1, 0, 1, 1)))
14: (('D', 'C'), ((1, 1, 0, 0), (1, 1, 0, 0)))
14: (('D', 'C'), ((1, 1, 0, 0), (1, 1, 0, 1)))
14: (('D', 'C'), ((1, 1, 0, 0), (1, 1, 1, 0)))
14: (('D', 'C'), ((1, 1, 0, 0), (1, 1, 1, 1)))
15: (('D', 'C'), ((1, 1, 0, 1), (0, 0, 0, 0)))
15: (('D', 'C'), ((1, 1, 0, 1), (0, 0, 0, 1)))
15: (('D', 'C'), ((1, 1, 0, 1), (0, 0, 1, 0)))
15: (('D', 'C'), ((1, 1, 0, 1), (0, 0, 1, 1)))
16: (('D', 'C'), ((1, 1, 0, 1), (0, 1, 0, 0)))
16: (('D', 'C'), ((1, 1, 0, 1), (0, 1, 0, 1)))
16: (('D', 'C'), ((1, 1, 0, 1), (0, 1, 1, 0)))
16: (('D', 'C'), ((1, 1, 0, 1), (0, 1, 1, 1)))
17: (('D', 'C'), ((1, 1, 0, 1), (1, 0, 0, 0)))
17: (('D', 'C'), ((1, 1, 0, 1), (1, 0, 0, 1)))
17: (('D', 'C'), ((1, 1, 0, 1), (1, 0, 1, 0)))
17: (('D', 'C'), ((1, 1, 0, 1), (1, 0, 1, 1)))
18: (('D', 'C'), ((1, 1, 0, 1), (1, 1, 0, 0)))
18: (('D', 'C'), ((1, 1, 0, 1), (1, 1, 0, 1)))
18: (('D', 'C'), ((1, 1, 0, 1), (1, 1, 1, 0)))
18: (('D', 'C'), ((1, 1, 0, 1), (1, 1, 1, 1)))
19: (('D', 'C'), ((1, 1, 1, 0), (0, 0, 0, 0)))
19: (('D', 'C'), ((1, 1, 1, 0), (0, 0, 0, 1)))
19: (('D', 'C'), ((1, 1, 1, 0), (0, 0, 1, 0)))
19: (('D', 'C'), ((1, 1, 1, 0), (0, 0, 1, 1)))
20: (('D', 'C'), ((1, 1, 1, 0), (0, 1, 0, 0)))
20: (('D', 'C'), ((1, 1, 1, 0), (0, 1, 0, 1)))
20: (('D', 'C'), ((1, 1, 1, 0), (0, 1, 1, 0)))
20: (('D', 'C'), ((1, 1, 1, 0), (0, 1, 1, 1)))
21: (('D', 'C'), ((1, 1, 1, 0), (1, 0, 0, 0)))
21: (('D', 'C'), ((1, 1, 1, 0), (1, 0, 0, 1)))
21: (('D', 'C'), ((1, 1, 1, 0), (1, 0, 1, 0)))
21: (('D', 'C'), ((1, 1, 1, 0), (1, 0, 1, 1)))
22: (('D', 'C'), ((1, 1, 1, 0), (1, 1, 0, 0)))
22: (('D', 'C'), ((1, 1, 1, 0), (1, 1, 0, 1)))
22: (('D', 'C'), ((1, 1, 1, 0), (1, 1, 1, 0)))
22: (('D', 'C'), ((1, 1, 1, 0), (1, 1, 1, 1)))
23: (('D', 'C'), ((1, 1, 1, 1), (0, 0, 0, 0)))
23: (('D', 'C'), ((1, 1, 1, 1), (0, 0, 0, 1)))
23: (('D', 'C'), ((1, 1, 1, 1), (0, 0, 1, 0)))
23: (('D', 'C'), ((1, 1, 1, 1), (0, 0, 1, 1)))
24: (('D', 'C'), ((1, 1, 1, 1), (0, 1, 0, 0)))
24: (('D', 'C'), ((1, 1, 1, 1), (0, 1, 0, 1)))
24: (('D', 'C'), ((1, 1, 1, 1), (0, 1, 1, 0)))
24: (('D', 'C'), ((1, 1, 1, 1), (0, 1, 1, 1)))
25: (('D', 'C'), ((1, 1, 1, 1), (1, 0, 0, 0)))
25: (('D', 'C'), ((1, 1, 1, 1), (1, 0, 0, 1)))
25: (('D', 'C'), ((1, 1, 1, 1), (1, 0, 1, 0)))
25: (('D', 'C'), ((1, 1, 1, 1), (1, 0, 1, 1)))
26: (('D', 'C'), ((1, 1, 1, 1), (1, 1, 0, 0)))
26: (('D', 'C'), ((1, 1, 1, 1), (1, 1, 0, 1)))
26: (('D', 'C'), ((1, 1, 1, 1), (1, 1, 1, 0)))
26: (('D', 'C'), ((1, 1, 1, 1), (1, 1, 1, 1)))
